536415048.57 /muse/eeg ffff  631.67 830.72 783.01 755.05
1536415048.57 /muse/eeg ffff  616.87 883.35 835.65 743.53
1536415048.57 /muse/eeg ffff  621.80 725.44 651.41 750.11
1536415048.57 /muse/eeg ffff  607.00 778.08 756.69 753.40
1536415048.57 /muse/eeg ffff  598.77 988.63 914.61 730.37
1536415048.57 /muse/eeg ffff  588.90 830.72 809.33 710.63
1536415048.57 /muse/eeg ffff  567.52 883.35 835.65 705.70
1536415048.57 /muse/eeg ffff  539.55 778.08 730.37 722.15
1536415048.57 /muse/eeg ffff  595.48 883.35 861.97 728.73
1536415048.57 /muse/eeg ffff  592.19 883.35 861.97 735.31
1536415048.57 /muse/eeg ffff  592.19 883.35 888.29 740.24
1536415048.57 /muse/eeg ffff  631.67 830.72 835.65 743.53
1536415048.57 /muse/eeg ffff  656.35 830.72 835.65 773.14
1536415048.57 /muse/eeg ffff  685.96 883.35 861.97 778.08
1536415048.57 /muse/eeg ffff  699.12 830.72 835.65 789.59
1536415048.57 /muse/eeg ffff  707.34 830.72 835.65 796.17
1536415048.63 /muse/eeg ffff  722.15 830.72 783.01 807.69
1536415048.63 /muse/eeg ffff  748.47 935.99 835.65 819.20
1536415048.64 /muse/eeg ffff  769.85 935.99 835.65 827.43
1536415048.64 /muse/eeg ffff  751.76 778.08 677.73 842.23
1536415048.64 /muse/eeg ffff  776.43 567.52 519.81 853.74
1536415048.64 /muse/eeg ffff  753.40 672.80 677.73 845.52
1536415048.64 /muse/eeg ffff  776.43 988.63 888.29 855.39
1536415048.64 /muse/eeg ffff  804.40 988.63 940.93 852.10
1536415048.64 /muse/eeg ffff  779.72 778.08 835.65 840.58
1536415048.64 /muse/eeg ffff  781.37 567.52 625.09 861.97
1536415048.64 /muse/eeg ffff  792.88 883.35 888.29 857.03
1536415048.64 /muse/eeg ffff  807.69 778.08 835.65 870.19
1536415048.64 /muse/eeg ffff  796.17 830.72 835.65 881.71
1536415048.64 /muse/eeg ffff  797.82 725.44 783.01 865.26
1536415048.64 /muse/eeg ffff  809.33 778.08 783.01 880.06
1536415048.64 /muse/eeg ffff  801.11 778.08 835.65 870.19
1536415048.7 /muse/eeg ffff  827.43 988.63 993.57 847.16
1536415048.7 /muse/eeg ffff  817.56 725.44 783.01 853.74
1536415048.71 /muse/eeg ffff  784.66 567.52 677.73 861.97
1536415048.71 /muse/eeg ffff  840.58 778.08 783.01 868.55
1536415048.71 /muse/eeg ffff  822.49 725.44 783.01 868.55
1536415048.71 /muse/eeg ffff  806.04 620.16 730.37 870.19
1536415048.71 /muse/eeg ffff  814.27 778.08 835.65 875.13
1536415048.71 /muse/eeg ffff  817.56 778.08 835.65 860.32
1536415048.71 /muse/eeg ffff  814.27 620.16 677.73 871.84
1536415048.71 /muse/eeg ffff  830.72 672.80 730.37 850.45
1536415048.71 /muse/eeg ffff  825.78 725.44 730.37 838.94
1536415048.71 /muse/eeg ffff  797.82 672.80 677.73 863.61
1536415048.71 /muse/eeg ffff  797.82 672.80 677.73 865.26
1536415048.71 /muse/eeg ffff  773.14 672.80 677.73 848.81
1536415048.71 /muse/eeg ffff  792.88 725.44 677.73 850.45
1536415048.71 /muse/eeg ffff  837.29 725.44 730.37 853.74
1536415048.71 /muse/eeg ffff  875.13 672.80 704.05 870.19
1536415048.71 /muse/eeg ffff  865.26 725.44 730.37 873.48
1536415048.71 /muse/eeg ffff  889.93 857.03 888.29 865.26
1536415048.71 /muse/eeg ffff  870.19 725.44 704.05 886.64
1536415048.71 /muse/eeg ffff  840.58 778.08 756.69 878.42
1536415048.71 /muse/eeg ffff  858.68 778.08 756.69 870.19
1536415048.71 /muse/eeg ffff  832.36 725.44 704.05 868.55
1536415048.71 /muse/eeg ffff  848.81 804.40 783.01 855.39
1536415048.71 /muse/eeg ffff  868.55 804.40 783.01 873.48
1536415048.71 /muse/eeg ffff  820.85 751.76 730.37 873.48
1536415048.71 /muse/eeg ffff  863.61 804.40 783.01 876.77
1536415048.71 /muse/eeg ffff  893.22 804.40 783.01 852.10
1536415048.71 /muse/eeg ffff  870.19 778.08 756.69 850.45
1536415048.71 /muse/eeg ffff  906.38 804.40 783.01 853.74
1536415048.71 /muse/eeg ffff  888.29 778.08 756.69 880.06
1536415048.71 /muse/eeg ffff  916.25 804.40 809.33 883.35
1536415048.72 /muse/eeg ffff  932.70 789.59 783.01 870.19
1536415048.72 /muse/eeg ffff  881.71 768.21 750.11 876.77
1536415048.72 /muse/eeg ffff  924.48 807.69 815.91 840.58
1536415048.72 /muse/eeg ffff  929.41 781.37 796.17 868.55
1536415048.72 /muse/eeg ffff  921.19 768.21 776.43 878.42
1536415048.72 /muse/eeg ffff  954.09 796.17 815.91 876.77
1536415048.72 /muse/eeg ffff  939.28 766.56 783.01 881.71
1536415048.72 /muse/eeg ffff  927.77 804.40 809.33 881.71
1536415048.72 /muse/eeg ffff  935.99 973.83 986.99 868.55
1536415048.72 /muse/eeg ffff  927.77 735.31 730.37 873.48
1536415048.72 /muse/eeg ffff  924.48 751.76 763.27 881.71
1536415048.72 /muse/eeg ffff  942.57 802.75 809.33 861.97
1536415048.72 /muse/eeg ffff  955.73 684.31 704.05 865.26
1536415048.72 /muse/eeg ffff  911.32 835.65 815.91 863.61
1536415048.72 /muse/eeg ffff  889.93 736.95 736.95 871.84
1536415048.72 /muse/eeg ffff  959.02 756.69 776.43 871.84
1536415048.8 /muse/eeg ffff  968.89 628.38 644.83 885.00
1536415048.8 /muse/eeg ffff  945.86 677.73 671.15 885.00
1536415048.8 /muse/eeg ffff  932.70 654.70 644.83 901.45
1536415048.8 /muse/eeg ffff  927.77 654.70 671.15 893.22
1536415048.8 /muse/eeg ffff  962.31 730.37 723.79 893.22
1536415048.8 /muse/eeg ffff  977.12 690.89 671.15 891.58
1536415048.8 /muse/eeg ffff  995.21 654.70 671.15 899.80
1536415048.8 /muse/eeg ffff  940.93 638.25 618.51 909.67
1536415048.8 /muse/eeg ffff  945.86 681.02 697.47 898.16
1536415048.8 /muse/eeg ffff  972.18 667.86 671.15 901.45
1536415048.8 /muse/eeg ffff  912.96 634.96 644.83 898.16
1536415048.8 /muse/eeg ffff  850.45 598.77 618.51 898.16
1536415048.8 /muse/eeg ffff  857.03 667.86 671.15 873.48
1536415048.8 /muse/eeg ffff  865.26 654.70 697.47 875.13
1536415048.8 /muse/eeg ffff  861.97 638.25 671.15 852.10
1536415048.81 /muse/eeg ffff  865.26 674.44 697.47 843.87
1536415048.81 /muse/eeg ffff  810.98 611.93 648.12 855.39
1536415048.85 /muse/eeg ffff  783.01 625.09 618.51 840.58
1536415048.85 /muse/eeg ffff  781.37 684.31 669.51 830.72
1536415048.85 /muse/eeg ffff  763.27 611.93 636.61 840.58
1536415048.86 /muse/eeg ffff  771.50 671.15 669.51 835.65
1536415048.86 /muse/eeg ffff  792.88 684.31 694.18 829.07
1536415048.86 /muse/eeg ffff  791.24 631.67 661.28 843.87
1536415048.86 /muse/eeg ffff  781.37 677.73 669.51 824.14
1536415048.86 /muse/eeg ffff  740.24 618.51 620.16 829.07
1536415048.86 /muse/eeg ffff  725.44 631.67 644.83 812.62
1536415048.86 /muse/eeg ffff  758.34 690.89 700.76 807.69
1536415048.86 /muse/eeg ffff  758.34 644.83 661.28 815.91
1536415048.86 /muse/eeg ffff  794.53 664.57 682.67 810.98
1536415048.86 /muse/eeg ffff  771.50 644.83 653.06 822.49
1536415048.86 /muse/eeg ffff  736.95 605.35 603.71 832.36
1536415048.86 /muse/eeg ffff  710.63 625.09 625.09 829.07
1536415048.86 /muse/eeg ffff  687.60 651.41 681.02 830.72
1536415048.87 /muse/eeg ffff  723.79 1072.53 996.86 822.49
1536415048.87 /muse/eeg ffff  756.69 1072.53 891.58 814.27
1536415048.87 /muse/eeg ffff  761.63 1283.08 1102.14 850.45
1536415048.87 /muse/eeg ffff  802.75 1682.81 1417.97 847.16
1536415048.87 /muse/eeg ffff  794.53 1261.70 891.58 863.61
1536415048.87 /muse/eeg ffff  792.88 1261.70 1102.14 873.48
1536415048.87 /muse/eeg ffff  764.92 1472.26 1102.14 861.97
1536415048.87 /muse/eeg ffff  771.50 1472.26 1102.14 863.61
1536415048.87 /muse/eeg ffff  773.14 1472.26 1207.42 863.61
1536415048.87 /muse/eeg ffff  852.10 1682.81 1417.97 875.13
1536415048.87 /muse/eeg ffff  870.19 1261.70 1102.14 901.45
1536415048.87 /muse/eeg ffff  896.51 1472.26 1207.42 916.25
1536415048.87 /muse/eeg ffff  935.99 1472.26 1312.69 926.12
1536415048.87 /muse/eeg ffff  940.93 1261.70 1102.14 932.70
1536415048.87 /muse/eeg ffff  960.67 1261.70 1102.14 934.35
1536415048.87 /muse/eeg ffff  983.70 1261.70 1207.42 944.22
1536415048.88 /muse/eeg ffff  940.93 735.31 786.30 944.22
1536415048.88 /muse/eeg ffff  886.64 840.58 786.30 929.41
1536415048.88 /muse/eeg ffff  962.31 1261.70 1207.42 914.61
1536415048.89 /muse/eeg ffff  983.70 1051.14 996.86 909.67
1536415048.89 /muse/eeg ffff  1023.18 1261.70 1102.14 914.61
1536415048.89 /muse/eeg ffff  1005.08 840.58 786.30 937.64
1536415048.89 /muse/eeg ffff  935.99 840.58 681.02 952.44
1536415048.89 /muse/eeg ffff  921.19 1156.42 891.58 944.22
1536415048.89 /muse/eeg ffff  949.15 1261.70 996.86 957.38
1536415048.89 /muse/eeg ffff  939.28 945.86 786.30 955.73
1536415048.89 /muse/eeg ffff  950.80 1051.14 891.58 950.80